-47.126, -35.023, 58.962
-45.126, -35.036, 58.962
-43.126, -35.054, 59.032
-41.126, -35.079, 59.032
-39.126, -35.115, 59.11
-37.127, -35.156, 59.196
-35.127, -35.203, 59.196
-33.128, -35.258, 59.29
-31.129, -35.318, 59.394
-29.13, -35.383, 59.508
-27.131, -35.453, 59.508
-25.133, -35.528, 59.635
-23.134, -35.605, 59.774
-21.136, -35.684, 59.928
-19.137, -35.766, 59.928
-17.139, -35.848, 59.901
-15.141, -35.931, 59.713
-13.142, -36.012, 59.503
-11.144, -36.091, 59.503
-9.145, -36.165, 59.271
-7.147, -36.235, 59.013
-5.148, -36.297, 58.725
-3.148, -36.351, 58.404
-1.149, -36.395, 58.045
0.851, -36.426, 57.645
2.851, -36.442, 57.196
4.851, -36.439, 57.196
6.851, -36.413, 56.694
8.85, -36.362, 56.132
10.848, -36.281, 54.799
12.845, -36.164, 54.013
14.839, -36.005, 53.137
16.828, -35.799, 52.164
18.811, -35.538, 51.091
20.784, -35.214, 49.913
22.744, -34.82, 48.634
24.685, -34.338, 45.806
26.598, -33.754, 44.299
28.475, -33.067, 42.774
30.303, -32.255, 39.88
32.064, -31.309, 33.235
33.747, -30.23, 24.43
35.317, -28.994, 9.446
36.651, -27.509, 25.363
37.739, -25.833, 36.023
38.62, -24.038, 39.805
39.356, -22.18, 45.215
39.967, -20.275, 47.137
40.481, -18.343, 49.926
40.901, -16.388, 50.934
41.251, -14.419, 51.751
41.538, -12.44, 52.411
41.764, -10.453, 53.368
41.932, -8.46, 53.701
42.05, -6.463, 53.954
42.121, -4.465, 54.136
42.147, -2.465, 54.253
42.128, -0.465, 54.309
42.065, 1.534, 54.306
41.955, 3.531, 54.121
41.799, 5.525, 53.933
41.598, 7.514, 53.673
41.35, 9.499, 53.332
41.053, 11.477, 52.899
40.704, 13.446, 52.357
40.293, 15.403, 50.854
39.816, 17.345, 49.83
39.271, 19.269, 48.564
38.643, 21.168, 45.046
37.913, 23.029, 42.245
37.074, 24.844, 35.732
36.082, 26.58, 30.937
34.974, 28.245, 23.806
33.676, 29.763, 24.864
32.193, 31.102, 26.884
30.539, 32.223, 32.64
28.774, 33.161, 35.818
26.925, 33.921, 41.789
25.02, 34.526, 44.387
23.08, 35.009, 46.683
21.116, 35.389, 48.684
19.137, 35.676, 51.893
17.149, 35.887, 53.163
15.154, 36.038, 54.25
13.157, 36.138, 55.183
11.158, 36.195, 55.985
9.158, 36.216, 56.676
7.158, 36.207, 57.275
5.158, 36.173, 57.275
3.159, 36.114, 57.797
1.161, 36.039, 58.253
-0.837, 35.95, 58.654
-2.835, 35.85, 59.009
-4.832, 35.74, 59.325
-6.828, 35.624, 59.608
-8.825, 35.501, 59.608
-10.821, 35.375, 59.863
-12.817, 35.247, 59.905
-14.812, 35.119, 59.693
-16.808, 34.991, 59.693
-18.805, 34.866, 59.499
-20.801, 34.744, 59.319
-22.797, 34.625, 59.319
-24.794, 34.514, 59.151
-26.791, 34.408, 58.994
-28.789, 34.307, 58.846
-30.787, 34.216, 58.846
-32.785, 34.134, 58.705
-34.784, 34.059, 57.705
-36.783, 33.997, 53.122
-38.782, 33.946, 48.103
-40.782, 33.903, 42.496
-42.781, 33.876, 36.026
-44.781, 33.861, 28.105
-47.891, 33.86, 0
-47.891, 33.86, 0
-67.891, 33.85, 0
endData
127
60
200
-47.126, -35.023, -6.179, -35.15, 21.374, -40.636, 35.15, -29.155
35.15, -29.155, 44.59, -20.991, 44.207, 14.981, 35.661, 27.226
35.661, 27.226, 26.349, 42.534, -6.689, 33.604, -47.891, 33.86
#PATH.JERRYIO-DATA {"appVersion":"0.10.0","format":"LemLib v0.5","gc":{"robotWidth":13,"robotHeight":10,"robotIsHolonomic":false,"showRobot":true,"uol":2.54,"pointDensity":2,"controlMagnetDistance":0.7750015500031,"fieldImage":{"displayName":"V5RC 2026 - Push Back","signature":"V5RC-PushBack-H2H-TopDownHighlighted-TileColor66_71","origin":{"__type":"built-in"}},"coordinateSystem":"VEX Gaming Positioning System"},"paths":[{"segments":[{"controls":[{"uid":"O2j2etIJaI","x":-47.125785133840566,"y":-35.02288752259437,"lock":false,"visible":true,"heading":90,"__type":"end-point"},{"uid":"3RuGMcqSpY","x":-6.17900885633185,"y":-35.15044757330311,"lock":false,"visible":true,"__type":"control"},{"uid":"aZEzuvHjib","x":21.373962096758127,"y":-40.63552975377936,"lock":false,"visible":true,"__type":"control"},{"uid":"oCeNeJaSZm","x":35.15044757330311,"y":-29.15512518999187,"lock":false,"visible":true,"heading":0,"__type":"end-point"}],"speedProfiles":[],"lookaheadKeyframes":[],"uid":"dY8TNzS4GQ"},{"controls":[{"uid":"oCeNeJaSZm","x":35.15044757330311,"y":-29.15512518999187,"lock":false,"visible":true,"heading":0,"__type":"end-point"},{"uid":"9KiwO1G6Ph","x":44.58989132575061,"y":-20.991281944631876,"lock":false,"visible":true,"__type":"control"},{"uid":"06ZtIHXtOq","x":44.20721117362435,"y":14.980652355235598,"lock":false,"visible":true,"__type":"control"},{"uid":"gnptk9kCtM","x":35.66068777613811,"y":27.226417223275586,"lock":false,"visible":true,"heading":0,"__type":"end-point"}],"speedProfiles":[],"lookaheadKeyframes":[],"uid":"sXZCxUK1cd"},{"controls":[{"uid":"gnptk9kCtM","x":35.66068777613811,"y":27.226417223275586,"lock":false,"visible":true,"heading":0,"__type":"end-point"},{"uid":"bmRUE61yPU","x":26.34880407439937,"y":42.53362330832558,"lock":false,"visible":true,"__type":"control"},{"uid":"37b7R8ycuM","x":-6.689249059166851,"y":33.60441975871308,"lock":false,"visible":true,"__type":"control"},{"uid":"cBG6L5nUq2","x":-47.89114543809306,"y":33.859539860130575,"lock":false,"visible":true,"heading":270,"__type":"end-point"}],"speedProfiles":[],"lookaheadKeyframes":[],"uid":"Kcbp4fVfgC"}],"pc":{"speedLimit":{"minLimit":{"value":0,"label":"0"},"maxLimit":{"value":127,"label":"127"},"step":1,"from":0,"to":60},"bentRateApplicableRange":{"minLimit":{"value":0,"label":"0"},"maxLimit":{"value":1,"label":"1"},"step":0.001,"from":0,"to":0.046},"maxDecelerationRate":127},"name":"Path","uid":"10pc0sgVsK","lock":false,"visible":true}]}